0.013236072194288292
0.019474496784859432
-0.05730927979510441
-0.010957942496865243
-0.03077406539915864
0.0006852846077238958
0.029317827453858393
0.03027973891800377
0.060711872279951486
-0.0189127823724743
-0.0029482453954131514
-0.009487866257442884
0.021561128106408624
0.021739369366795557
-0.04018860894016792
0.09024967215570749
0.026995843411608524
0.11117651472124097
-0.02520307242051739
-0.015882057257466237
-0.04844300868655711
0.034090840300545475
-0.08214805361430738
-0.017833320322990467
-0.011072783882584473
0.004829775959501564
0.03362155654928552
0.002402818257024986
-0.061913176978365736
-0.0536136722004798
0.02831423613021096
0.018968829924124887
0.06472080549336233
0.05624695745542366
0.03589342183227479
0.10633630286984286
0.019771164402646313
-0.06681105753166278
-0.011839826354292603
0.05029890671438288
0.021960330083004184
0.052435270992846304
0.07232091707230605
0.07729496098662124
0.15269172189891814
0.012146878134892266
-0.06049928657649246
-0.008760437123648707
0.023001429146319793
-0.04597562592255566
0.004606707596139432
0.08118013249916743
-0.0023608095461083263
0.14954059668398806
0.035212456967370784
-0.02246883990345636
-0.0010785947758662115
0.01228755933678977
-0.06311397939898925
0.014883800705391734
0.023468068730888966
-0.04774160262460631
0.08888619062410799
0.022984850673553808
-0.08799170483413744
0.0018796246878257908
0.04931833049742304
0.022232103028366694
-0.014973925242615059
-0.0031577149523926537
0.025499936587761705
0.11490835242197044
