-0.4796636486214209
-0.45661095054932355
-0.394482602223271
-0.16750794474247363
-0.12198038166729773
-0.06301575910407578
0.37743146383196274
0.4600034222967752
0.4921154576191983
-0.5133377508838766
-0.470257565737551
-0.5013513891612564
-0.14534366699520593
-0.05297040775274764
-0.054225849236225386
0.3923901153426257
0.5306318251449906
0.5748154851994637
-0.32043145227662173
-0.29319953339227445
-0.2781626039923379
-0.13770962761094424
-0.05340829526162595
-0.09236965312990124
0.25863326317421514
0.3374022477730601
0.34997058032200506
-1.2600995758942026
-1.18864268929964
-1.1514074805856935
-0.9553295011301117
-0.90390568171022
-0.8776838600823541
-0.6099478394282694
-0.3737520820986593
-0.28008913059504
-0.2896343528951955
-0.2334697115102771
-0.26729014174725746
-0.13243070252537267
-0.05326182373875818
-0.05350650900810856
0.19455708475714165
0.25649217146081954
0.2808641781815127
-0.5933306791216346
-0.5532224217107082
-0.5323524481804508
-0.25686205739284135
-0.09473132869698238
-0.01057774532397811
0.3072611678044186
0.5288908109983854
0.5469308555981213
-0.48324727203777607
-0.3482675243480898
-0.4406664563376629
-0.18637085626586516
-0.10525942552416712
0.024738075974380262
0.2500944284511185
0.45520149901660556
0.46163749423927225
-0.3039994920630121
-0.2500395082707221
-0.30123523213350367
-0.05377606769582202
-0.08095830788820119
-0.038897209577639265
0.2731896205414117
0.3054478905566742
0.268441410318604
