0.042267900635126074
-0.0351587601645363
-0.0064572873507677715
-0.03484084415299707
0.03755580901976301
0.02727613730486655
-0.03972586438887462
-0.017814188222141564
0.06500701214279321
-0.005604327254735524
-0.061672127471174065
-0.010860678080200683
0.04145632995042127
0.01381273118912181
0.06488777829885112
0.0004518667712482885
0.04016572935751893
0.07092654895358266
-0.02189241944312251
0.02746061878423722
0.0238220392246102
-0.023047897489829605
-0.02461898295596387
0.020652296187184706
0.0028702667763405203
-0.026489263079217958
0.01255060024120389
0.04245614743818655
0.05795333580025263
-0.016559329053990258
-0.03505210098749669
-0.01004621626212733
-0.020948540110342903
-0.035742399301121594
0.04270686089777728
-0.008276619199702746
0.03769879700407485
0.016145230468715924
0.028692555125301323
-0.029988681963070314
-0.03314520150103488
0.008688183110567365
-0.04449873384806787
-0.02446133088316876
0.0630236402987364
0.0034868117484319152
0.009493989180159312
0.015246036064324715
-0.020445236262720247
-0.005350721589540018
-0.014979331752040529
-0.02296912754340414
0.023599846909855438
0.014749900292066322
0.03807962790902703
-0.040644085510691645
0.018603608624627725
-0.030503367084761344
-0.02695754835562432
0.039705848473887785
0.04306589893138344
0.014954471110616034
0.050242257478821536
0.05611711963971592
0.0004896457979916592
-0.013200974492854678
-0.0439141733319989
-0.03718914171971772
0.045555438035195635
-0.027867802786335032
-0.008118815073069552
0.07096567002665952
