-0.4622324952463255
0.29730051125646345
-0.1867021856776619
0.4067372982269195
1.4182534648621625
0.27798224754120543
0.4600287639110642
1.1709765530108085
-0.09920529425477717
0.0005871779488896152
1.279671416151348
-0.035151743090964804
1.0147737101860481
2.1710151212279736
0.17180469083708005
0.37856274856298866
0.851873556555866
-0.5598932057925919
0.3390003842607486
1.2012670920370674
-0.13936622661984235
0.8411866081534978
1.641082669308716
0.05395384931459375
0.04231850326697386
0.6263356097716222
-0.45765723474959397
-0.3454460509103061
0.7220964273332267
-0.029582534224242143
0.5110970813027484
1.8733710914040294
0.6013059486250605
0.10010477743412124
1.1177263291059167
0.033827426503336235
0.2509936700140484
1.0244777144677468
-0.19586260967140476
0.8669739586097425
1.3704443052642132
-0.0384073219698728
0.34808233465423216
0.40442236188220615
-0.5176010544264608
-0.09876401326248158
0.8611963645694732
0.4777300174917058
0.1888957832974219
1.4000906653007927
0.48805135506252956
-0.24123082760643744
0.5747057163873731
-0.2604957188010427
-0.391701488140191
1.0504506438866243
0.7020943395096102
0.11841510899410063
1.8234176013818277
1.206168168124197
-0.5140502924037669
0.7585012613731885
0.22837935510187846
0.055488975481112764
0.9502055106516609
-0.12442548237920502
0.6295771880284872
1.727011274232539
0.1662855747400419
0.18426640960515708
0.8457008950090508
-0.36273478358611216
