0.34985664126116117
0.7715411355682558
0.6513219069298202
0.6125562512848614
0.7680429842627057
0.7747406049072586
0.8238474036504329
0.698981678002283
0.5017702350333321
0.8237296355585932
1.366101964723164
1.1114578035273281
0.9217064377313966
0.9948601817917656
1.3628978297055891
0.8989530256343599
0.8200466826826316
0.740320904147626
1.0261585273540335
1.052970987019348
0.932002771516755
1.170816447212264
0.9432497826569335
1.193889346004255
1.1491546970053395
0.8237799243555437
0.9714815986075065
0.429263014800036
0.8144589929210648
0.5808235557761613
0.625130874584146
0.7784273203078549
0.7317034444362368
0.58580483716761
0.5625742311624846
0.399501094253744
0.6770165637190085
1.1363449449098515
1.053826280759384
0.5753235706517005
0.6966342647187407
0.9421882467868113
0.7163743915521866
0.5035173208705281
0.43117361336390647
0.8948998548760336
1.0691644573128725
1.026860286433949
0.9739039441667501
0.9368104675190281
1.166737958140425
0.8384585823433105
0.758549844125032
0.8865589661809119
1.1327202984539204
1.668596359203028
1.4395925073709317
1.2242744813580901
1.3467477003023585
1.640059018693561
1.2332745621288252
1.219227043392122
1.0245258454044877
0.8190176460333862
1.210648670777732
1.064031751597549
0.7682354115548127
0.7889599655891567
0.8952057350428455
0.7270311500379651
0.7502759798184944
0.5526955116141588
